7.900000000000000000e+01
2.460000000000000000e+02
2.790000000000000000e+02
2.470000000000000000e+02
2.130000000000000000e+02
1.560000000000000000e+02
1.600000000000000000e+02
1.390000000000000000e+02
1.210000000000000000e+02
1.130000000000000000e+02
1.030000000000000000e+02
8.400000000000000000e+01
1.080000000000000000e+02
9.800000000000000000e+01
1.060000000000000000e+02
1.530000000000000000e+02
1.460000000000000000e+02
1.330000000000000000e+02
1.370000000000000000e+02
1.010000000000000000e+02
8.800000000000000000e+01
7.300000000000000000e+01
4.300000000000000000e+01
2.200000000000000000e+01
7.000000000000000000e+00
7.000000000000000000e+00
